 0.00000000e+00  6.64269871e+01 
 5.00000000e-02  6.71052921e+01 
 1.00000000e-01  6.78320033e+01 
 1.50000000e-01  6.85742714e+01 
 2.00000000e-01  6.93464831e+01 
 2.50000000e-01  7.01514166e+01 
 3.00000000e-01  7.09920463e+01 
 3.50000000e-01  7.18715778e+01 
 4.00000000e-01  7.27934848e+01 
 4.50000000e-01  7.37615503e+01 
 5.00000000e-01  7.47799128e+01 
 5.50000000e-01  7.58531191e+01 
 6.00000000e-01  7.69861838e+01 
 6.50000000e-01  7.81846594e+01 
 7.00000000e-01  7.94547162e+01 
 7.50000000e-01  8.08032364e+01 
 8.00000000e-01  8.22379244e+01 
 8.50000000e-01  8.37674360e+01 
 9.00000000e-01  8.54015323e+01 
 9.50000000e-01  8.71512627e+01 
 1.00000000e+00  8.90291825e+01 
 1.05000000e+00  9.10496158e+01 
 1.10000000e+00  9.32289707e+01 
 1.15000000e+00  9.55861229e+01 
 1.20000000e+00  9.81428806e+01 
 1.25000000e+00  1.00924554e+02 
 1.30000000e+00  1.03960654e+02 
 1.35000000e+00  1.07285753e+02 
 1.40000000e+00  1.10940545e+02 
 1.45000000e+00  1.14973170e+02 
 1.50000000e+00  1.19440846e+02 
 1.55000000e+00  1.24411907e+02 
 1.60000000e+00  1.29968325e+02 
 1.65000000e+00  1.36208826e+02 
 1.70000000e+00  1.43252695e+02 
 1.75000000e+00  1.51244367e+02 
 1.80000000e+00  1.60358790e+02 
 1.85000000e+00  1.70807437e+02 
 1.90000000e+00  1.82844497e+02 
 1.95000000e+00  1.96772303e+02 
 2.00000000e+00  2.12944183e+02 
 2.05000000e+00  2.31761813e+02 
 2.10000000e+00  2.53662518e+02 
 2.15000000e+00  2.79089337e+02 
 2.20000000e+00  3.08430113e+02 
 2.25000000e+00  3.41897938e+02 
 2.30000000e+00  3.79335131e+02 
 2.35000000e+00  4.20077215e+02 
 2.40000000e+00  4.63159692e+02 
 2.45000000e+00  5.07724496e+02 
 2.50000000e+00  5.53197852e+02 
 2.55000000e+00  5.99240690e+02 
 2.60000000e+00  6.45656732e+02 
 2.65000000e+00  6.92329170e+02 
 2.70000000e+00  7.39185406e+02 
 2.75000000e+00  7.86178266e+02 
 2.80000000e+00  8.33275815e+02 
 2.85000000e+00  8.80455652e+02 
 2.90000000e+00  9.27701561e+02 
 2.95000000e+00  9.75001486e+02 
 3.00000000e+00  1.02234626e+03 
 3.05000000e+00  1.06972875e+03 
 3.10000000e+00  1.11714333e+03 
 3.15000000e+00  1.16458548e+03 
 3.20000000e+00  1.21205154e+03 
 3.25000000e+00  1.25953846e+03 
 3.30000000e+00  1.30704372e+03 
