 0.00000000e+00  6.64269874e+01 
 5.00000000e-02  6.71052924e+01 
 1.00000000e-01  6.78320035e+01 
 1.50000000e-01  6.85742716e+01 
 2.00000000e-01  6.93464833e+01 
 2.50000000e-01  7.01514167e+01 
 3.00000000e-01  7.09920464e+01 
 3.50000000e-01  7.18715779e+01 
 4.00000000e-01  7.27934848e+01 
 4.50000000e-01  7.37615503e+01 
 5.00000000e-01  7.47799129e+01 
 5.50000000e-01  7.58531191e+01 
 6.00000000e-01  7.69861838e+01 
 6.50000000e-01  7.81846594e+01 
 7.00000000e-01  7.94547160e+01 
 7.50000000e-01  8.08032351e+01 
 8.00000000e-01  8.22379160e+01 
 8.50000000e-01  8.37673861e+01 
 9.00000000e-01  8.54012384e+01 
 9.50000000e-01  8.71495695e+01 
 1.00000000e+00  8.90198983e+01 
 1.05000000e+00  9.10031923e+01 
 1.10000000e+00  9.30263094e+01 
 1.15000000e+00  9.48335327e+01 
 1.20000000e+00  9.58723758e+01 
 1.25000000e+00  9.56823338e+01 
 1.30000000e+00  9.45245011e+01 
 1.35000000e+00  9.29545677e+01 
 1.40000000e+00  9.13333725e+01 
 1.45000000e+00  8.98240686e+01 
 1.50000000e+00  8.84872088e+01 
 1.55000000e+00  8.73404715e+01 
 1.60000000e+00  8.63855559e+01 
 1.65000000e+00  8.56190219e+01 
 1.70000000e+00  8.50365311e+01 
 1.75000000e+00  8.46345075e+01 
 1.80000000e+00  8.44107818e+01 
 1.85000000e+00  8.43648116e+01 
 1.90000000e+00  8.44976788e+01 
 1.95000000e+00  8.48118876e+01 
 2.00000000e+00  8.53108501e+01 
 2.05000000e+00  8.59977625e+01 
 2.10000000e+00  8.68732306e+01 
 2.15000000e+00  8.79303253e+01 
 2.20000000e+00  8.91444561e+01 
 2.25000000e+00  9.04533679e+01 
 2.30000000e+00  9.17210251e+01 
 2.35000000e+00  9.26868693e+01 
 2.40000000e+00  9.29504727e+01 
 2.45000000e+00  9.21517296e+01 
 2.50000000e+00  9.03485966e+01 
 2.55000000e+00  8.80063023e+01 
 2.60000000e+00  8.55557859e+01 
 2.65000000e+00  8.31971667e+01 
 2.70000000e+00  8.09819693e+01 
 2.75000000e+00  7.89094924e+01 
 2.80000000e+00  7.69676638e+01 
 2.85000000e+00  7.51436832e+01 
 2.90000000e+00  7.34259304e+01 
 2.95000000e+00  7.18040966e+01 
 3.00000000e+00  7.02690335e+01 
 3.05000000e+00  6.88125836e+01 
 3.10000000e+00  6.74274320e+01 
 3.15000000e+00  6.61069780e+01 
 3.20000000e+00  6.48452266e+01 
 3.25000000e+00  6.36366920e+01 
 3.30000000e+00  6.24763129e+01 
