 0.00000000e+00  7.78895841e+02 
 5.00000000e-02  8.27823404e+02 
 1.00000000e-01  8.76823073e+02 
 1.50000000e-01  9.25829549e+02 
 2.00000000e-01  9.74857280e+02 
 2.50000000e-01  1.02390232e+03 
 3.00000000e-01  1.07296164e+03 
 3.50000000e-01  1.12203284e+03 
 4.00000000e-01  1.17111399e+03 
 4.50000000e-01  1.22020353e+03 
 5.00000000e-01  1.26930016e+03 
 5.50000000e-01  1.31840283e+03 
 6.00000000e-01  1.36751064e+03 
 6.50000000e-01  1.41662284e+03 
 7.00000000e-01  1.46573878e+03 
 7.50000000e-01  1.51485791e+03 
 8.00000000e-01  1.56397972e+03 
 8.50000000e-01  1.61310354e+03 
 9.00000000e-01  1.66222745e+03 
 9.50000000e-01  1.71134275e+03 
 1.00000000e+00  1.76040902e+03 
 1.05000000e+00  1.80926864e+03 
 1.10000000e+00  1.85742838e+03 
 1.15000000e+00  1.90371013e+03 
 1.20000000e+00  1.94623850e+03 
 1.25000000e+00  1.98315190e+03 
 1.30000000e+00  2.01315525e+03 
 1.35000000e+00  2.03519536e+03 
 1.40000000e+00  2.04742552e+03 
 1.45000000e+00  2.04398473e+03 
 1.50000000e+00  1.99235416e+03 
 1.55000000e+00  9.55778133e+02 
 1.60000000e+00  3.76596865e+02 
 1.65000000e+00  2.88845978e+02 
 1.70000000e+00  2.43897016e+02 
 1.75000000e+00  2.13836967e+02 
 1.80000000e+00  1.92162859e+02 
 1.85000000e+00  1.75262888e+02 
 1.90000000e+00  1.61638283e+02 
 1.95000000e+00  1.50379157e+02 
 2.00000000e+00  1.40888840e+02 
 2.05000000e+00  1.32762235e+02 
 2.10000000e+00  1.25712969e+02 
 2.15000000e+00  1.19531838e+02 
 2.20000000e+00  1.14061863e+02 
 2.25000000e+00  1.09182593e+02 
 2.30000000e+00  1.04799844e+02 
 2.35000000e+00  1.00838765e+02 
 2.40000000e+00  9.72390261e+01 
 2.45000000e+00  9.39513895e+01 
 2.50000000e+00  9.09352282e+01 
 2.55000000e+00  8.81566852e+01 
 2.60000000e+00  8.55872925e+01 
 2.65000000e+00  8.32029172e+01 
 2.70000000e+00  8.09829470e+01 
 2.75000000e+00  7.89096538e+01 
 2.80000000e+00  7.69676902e+01 
 2.85000000e+00  7.51436874e+01 
 2.90000000e+00  7.34259311e+01 
 2.95000000e+00  7.18040967e+01 
 3.00000000e+00  7.02690335e+01 
 3.05000000e+00  6.88125836e+01 
 3.10000000e+00  6.74274320e+01 
 3.15000000e+00  6.61069780e+01 
 3.20000000e+00  6.48452266e+01 
 3.25000000e+00  6.36366920e+01 
 3.30000000e+00  6.24763129e+01 
